-9.377477318048477173e-02,-1.929498277604579926e-02,-3.608451411128044128e-02,4.968943074345588684e-02,-4.896732792258262634e-02,4.908147081732749939e-02,4.250280559062957764e-03,-9.230630099773406982e-02,-9.142889827489852905e-02,1.312127523124217987e-02,-4.007001873105764389e-03,3.889854252338409424e-02,
-2.929621636867523193e-01,1.208173632621765137e-01,-7.876003533601760864e-02,1.133993268013000488e-02,-1.771721057593822479e-02,-1.967805251479148865e-02,-4.054761677980422974e-02,2.649539848789572716e-03,-3.823432326316833496e-02,-1.336037814617156982e-01,-1.296759694814682007e-01,6.769786775112152100e-02,
-5.696410685777664185e-02,4.495389759540557861e-02,-2.004071697592735291e-02,6.058075651526451111e-02,3.738023806363344193e-03,9.185181558132171631e-02,-6.137698143720626831e-02,-6.214771419763565063e-02,-6.797313690185546875e-02,-3.407827764749526978e-02,4.148169234395027161e-02,2.530266530811786652e-02,
-5.634095519781112671e-02,2.096660621464252472e-02,-2.745258435606956482e-02,1.070200577378273010e-01,4.223513230681419373e-02,9.950788319110870361e-02,-9.800199419260025024e-02,1.143202278763055801e-02,3.164817020297050476e-02,-2.194218337535858154e-02,8.561550080776214600e-02,1.161934733390808105e-01,
-2.466068789362907410e-02,3.379718586802482605e-02,-2.997398562729358673e-02,2.847094275057315826e-02,3.285524249076843262e-02,3.690206259489059448e-02,1.513473410159349442e-02,-2.268277481198310852e-02,9.386785328388214111e-03,4.230474308133125305e-02,8.143664151430130005e-02,1.549512147903442383e-03,
-1.240841522812843323e-01,7.259895652532577515e-02,-7.451099157333374023e-02,6.191892921924591064e-02,5.081911105662584305e-03,3.813977539539337158e-02,-1.163680292665958405e-02,3.869972750544548035e-02,6.342601031064987183e-02,-2.173457294702529907e-02,2.871898747980594635e-02,1.038796529173851013e-01,
-9.628492593765258789e-02,1.035942435264587402e-01,-1.460662931203842163e-01,6.057887524366378784e-02,7.781876623630523682e-02,-6.523701548576354980e-02,2.771485783159732819e-02,1.225430145859718323e-01,4.301631450653076172e-02,-1.345602422952651978e-01,-5.757266655564308167e-02,1.361795663833618164e-01,
3.663370385766029358e-02,-6.672742217779159546e-02,-1.581346988677978516e-01,-6.866183131933212280e-02,8.828063309192657471e-02,-8.091528713703155518e-02,1.064315065741539001e-01,-4.934040457010269165e-02,1.226687580347061157e-01,1.186627745628356934e-01,-1.118684634566307068e-01,-4.537088796496391296e-02,
4.774287715554237366e-02,1.302744746208190918e-01,-1.062374841421842575e-02,9.940543770790100098e-02,-1.308094859123229980e-01,-1.305075138807296753e-01,7.749466598033905029e-02,9.695262461900711060e-02,-6.090148538351058960e-02,-1.264915615320205688e-01,6.307158619165420532e-02,-6.304929405450820923e-02,
-1.385542154312133789e-01,2.279466204345226288e-02,-1.286259107291698456e-02,-2.215650677680969238e-02,-2.491017803549766541e-03,8.284863084554672241e-03,-6.109133735299110413e-02,-6.282305717468261719e-02,-4.003046452999114990e-02,-3.682144731283187866e-02,3.753473609685897827e-02,-3.045588172972202301e-02,
1.153453290462493896e-01,5.084677040576934814e-02,1.594838500022888184e-02,2.431484125554561615e-02,9.872747957706451416e-02,4.696437343955039978e-02,2.782130800187587738e-02,1.102653704583644867e-02,5.253177881240844727e-02,6.894315034151077271e-02,9.161201864480972290e-02,-2.604613639414310455e-02,
6.019860506057739258e-02,4.853668436408042908e-02,2.192752063274383545e-02,-3.076541423797607422e-02,-7.597827911376953125e-02,-1.075605154037475586e-01,2.227760851383209229e-03,7.265098392963409424e-02,-7.957457564771175385e-03,-3.403200209140777588e-02,2.337005175650119781e-02,-9.456255286931991577e-02,
-1.018356233835220337e-01,7.651697844266891479e-02,9.663486480712890625e-02,1.271419133991003036e-02,1.312365103513002396e-02,-3.900306299328804016e-02,8.628411218523979187e-03,2.972909063100814819e-02,-5.535527318716049194e-02,-3.351444378495216370e-02,1.349987536668777466e-01,-3.561165183782577515e-02,
4.072659462690353394e-02,6.312762852758169174e-03,3.500539436936378479e-02,-5.140205845236778259e-03,-1.428035553544759750e-02,-6.745180487632751465e-02,2.981511503458023071e-02,-2.034045755863189697e-02,6.737666577100753784e-02,3.869033604860305786e-02,-3.850400075316429138e-02,1.226355135440826416e-01,
-8.054676651954650879e-02,7.263046503067016602e-02,-2.524275891482830048e-02,-3.118406794965267181e-02,1.283722668886184692e-01,-1.377348974347114563e-02,7.669074833393096924e-02,-3.853544220328330994e-02,1.149835065007209778e-01,-1.317939311265945435e-01,9.740224480628967285e-02,-9.867679327726364136e-02,
-9.414816647768020630e-02,2.272668108344078064e-02,1.475236844271421432e-02,-5.489930137991905212e-02,-8.546719700098037720e-02,3.823253512382507324e-02,-1.055937446653842926e-02,-6.998198106884956360e-03,-5.494820419698953629e-03,-1.126899272203445435e-01,-8.198454231023788452e-02,2.694223262369632721e-02,
-1.289347112178802490e-01,9.342837729491293430e-04,5.782505124807357788e-02,-4.230038449168205261e-02,1.020444780588150024e-01,-3.546031564474105835e-02,9.658981859683990479e-02,8.928465843200683594e-02,2.372367493808269501e-02,-1.337914448231458664e-02,1.054271161556243896e-01,-7.337075658142566681e-03,
-4.498251527547836304e-02,9.032066911458969116e-02,-1.026615127921104431e-02,1.325802761130034924e-03,9.048471227288246155e-03,-2.580239996314048767e-02,6.385649554431438446e-03,-5.417500436305999756e-02,-3.916348144412040710e-02,-4.914521053433418274e-02,-1.516728997230529785e-01,-1.023662909865379333e-01,
7.930236868560314178e-03,-1.713111065328121185e-02,2.704295795410871506e-03,1.451631449162960052e-02,5.075453594326972961e-02,5.122259259223937988e-03,-2.971405535936355591e-02,8.932667970657348633e-02,3.415080532431602478e-02,-8.913003839552402496e-03,2.894357964396476746e-02,5.922565236687660217e-02,
-1.721539497375488281e-01,-6.756822019815444946e-02,-1.399541199207305908e-01,-3.208430111408233643e-02,-1.492390632629394531e-01,-1.325078159570693970e-01,-1.781436353921890259e-01,-1.762971282005310059e-01,-8.753705024719238281e-02,-1.508055925369262695e-01,-1.686558723449707031e-01,-1.749993711709976196e-01,
-1.606304943561553955e-01,1.061510015279054642e-02,-4.214620590209960938e-02,7.794191595166921616e-03,8.424209803342819214e-02,2.056045457720756531e-02,-7.582011073827743530e-02,-9.869609028100967407e-02,2.337809279561042786e-02,4.390345513820648193e-02,3.025549463927745819e-02,-4.096828028559684753e-02,
3.938931040465831757e-03,-3.150153160095214844e-02,4.084184300154447556e-03,7.923973724246025085e-03,4.681285098195075989e-02,3.024202398955821991e-02,6.241264566779136658e-02,4.145573452115058899e-02,-2.729258872568607330e-02,1.065108552575111389e-02,2.616407163441181183e-02,-3.527758643031120300e-02,
-2.252007648348808289e-02,-1.034829914569854736e-01,3.891230328008532524e-03,5.438371375203132629e-02,1.146529316902160645e-01,5.509483814239501953e-02,-9.670867025852203369e-02,1.540375500917434692e-01,-3.805408626794815063e-02,-1.201205886900424957e-02,-1.494579315185546875e-01,-9.756954014301300049e-02,
3.154924884438514709e-02,8.231652528047561646e-02,1.828225702047348022e-02,8.742031455039978027e-02,8.237662166357040405e-02,-8.012073114514350891e-03,4.958812892436981201e-02,1.178622767329216003e-01,5.114329233765602112e-02,-2.300356328487396240e-02,6.279207020998001099e-02,-6.270982325077056885e-02,
-2.936623692512512207e-01,-9.690169245004653931e-02,2.368410862982273102e-02,-3.057335875928401947e-02,8.839832991361618042e-02,-1.143380627036094666e-01,8.844301849603652954e-02,1.076953113079071045e-01,6.957077234983444214e-02,-9.224861860275268555e-02,5.556867644190788269e-02,-4.565447196364402771e-02,
1.078275404870510101e-02,-5.425360519438982010e-03,-3.074654005467891693e-02,2.519301697611808777e-02,1.119516193866729736e-01,-3.661234676837921143e-02,3.139486163854598999e-02,5.777240172028541565e-02,-1.227999199181795120e-02,8.230336755514144897e-02,4.413129761815071106e-02,2.041642181575298309e-02,
-2.069208472967147827e-01,-1.463283300399780273e-01,-5.612125992774963379e-02,-5.588950007222592831e-04,3.288415819406509399e-02,-1.451671868562698364e-01,-2.570939622819423676e-02,-1.444667577743530273e-01,-1.346299350261688232e-01,-1.878684014081954956e-01,-3.188047185540199280e-02,-1.514866203069686890e-02,
-6.795564293861389160e-02,-9.006818383932113647e-02,-4.032783582806587219e-02,7.297237217426300049e-02,-2.541518509387969971e-01,-1.670937985181808472e-01,-1.269101947546005249e-01,-1.317269504070281982e-01,-1.054532900452613831e-01,7.566404342651367188e-02,-1.258762478828430176e-01,-7.208664715290069580e-02,
-6.384048610925674438e-02,1.147834956645965576e-01,3.735788539052009583e-02,-5.509928986430168152e-02,-5.179586354643106461e-03,5.348898470401763916e-02,-5.377868935465812683e-02,1.439181063324213028e-02,3.879734873771667480e-02,-1.312161833047866821e-01,-2.562837116420269012e-02,-1.116684637963771820e-02,
-2.497054338455200195e-01,-4.836559668183326721e-02,-7.172144949436187744e-02,-5.335280671715736389e-03,-5.553948879241943359e-02,-1.445781737565994263e-01,-4.912168905138969421e-02,-1.239895224571228027e-01,-5.838738754391670227e-02,-4.230967536568641663e-02,3.138946741819381714e-02,-7.494425028562545776e-02,
1.192156299948692322e-01,6.418255716562271118e-02,-1.859068572521209717e-01,-5.978568270802497864e-02,4.098468273878097534e-02,3.124395012855529785e-02,-2.752827666699886322e-02,7.852113991975784302e-02,-9.334837645292282104e-02,-1.405558139085769653e-01,7.716694474220275879e-02,2.765192463994026184e-02,
-1.046613827347755432e-01,6.729560345411300659e-02,5.273570492863655090e-02,3.760831803083419800e-02,9.208829700946807861e-02,6.663130223751068115e-02,-2.502669207751750946e-02,1.148878410458564758e-01,8.850508928298950195e-02,5.461280234158039093e-03,-4.634497163351625204e-04,6.493331491947174072e-02,
5.259655788540840149e-02,-3.354611992835998535e-02,-6.385124474763870239e-02,-2.414652891457080841e-02,3.076588362455368042e-02,-1.641509681940078735e-02,-4.929810389876365662e-02,-1.119089126586914062e-01,5.209325999021530151e-02,7.148594409227371216e-02,5.875469744205474854e-02,-1.054971516132354736e-01,
-1.637320071458816528e-01,-3.557971119880676270e-02,-3.354504704475402832e-02,7.121053338050842285e-02,6.595917791128158569e-02,4.201299324631690979e-02,4.557038471102714539e-02,4.925891011953353882e-02,-3.067201934754848480e-02,4.267927259206771851e-02,9.551735222339630127e-02,7.647119462490081787e-02,
8.801478147506713867e-02,-2.608247334137558937e-03,7.678803987801074982e-03,-5.539082735776901245e-02,6.435269117355346680e-02,-4.745817184448242188e-02,1.163086146116256714e-01,-4.172833263874053955e-02,-9.310000389814376831e-02,-2.568797580897808075e-02,-6.507655978202819824e-02,-1.162182446569204330e-02,
-2.626562863588333130e-02,-7.078834623098373413e-02,1.788566261529922485e-02,2.717951778322458267e-03,2.621495351195335388e-02,1.220452692359685898e-02,-8.275257796049118042e-02,4.360669851303100586e-02,1.061531621962785721e-02,6.876288354396820068e-02,6.981917470693588257e-02,-3.511212393641471863e-02,
-7.843025773763656616e-02,-1.564622111618518829e-02,1.028409898281097412e-01,-1.270477622747421265e-01,-9.329256415367126465e-02,4.596915841102600098e-02,-2.877708524465560913e-02,-1.327188163995742798e-01,-2.395738475024700165e-02,1.399654243141412735e-02,-6.447655707597732544e-02,-1.404108107089996338e-02,
4.999662563204765320e-02,8.219067007303237915e-02,1.073619872331619263e-01,1.238908767700195312e-01,6.863005459308624268e-03,1.106958910822868347e-01,7.876111567020416260e-02,3.182008117437362671e-02,1.427084789611399174e-04,-5.826644226908683777e-02,-2.454001083970069885e-02,1.162145510315895081e-01,
5.981982126832008362e-02,1.135598570108413696e-01,9.770728647708892822e-02,-5.721131712198257446e-02,-1.009717285633087158e-01,-1.786732859909534454e-02,3.375359810888767242e-03,-6.955263763666152954e-02,1.109036877751350403e-01,1.164910756051540375e-02,-1.017063260078430176e-01,4.678545054048299789e-03,
-8.137951791286468506e-02,3.089721128344535828e-02,-6.054394692182540894e-02,5.892150104045867920e-02,-5.966757237911224365e-02,9.493837505578994751e-02,4.577945917844772339e-02,-6.435668468475341797e-02,7.287510484457015991e-02,1.025352254509925842e-01,-1.419333182275295258e-02,9.432521462440490723e-02,
-1.032527834177017212e-01,-2.828561142086982727e-02,-1.420511770993471146e-02,-6.919254362583160400e-02,-3.933665156364440918e-02,-1.128974035382270813e-01,-8.370809257030487061e-02,2.756069414317607880e-03,1.289490330964326859e-02,-5.840739235281944275e-02,-1.416930705308914185e-01,-1.048523932695388794e-01,
3.037523850798606873e-02,-6.688208878040313721e-02,2.332399971783161163e-02,3.804849833250045776e-02,4.213377088308334351e-02,-1.805278509855270386e-01,-3.237814828753471375e-02,5.064848065376281738e-02,-7.192654162645339966e-02,2.052335813641548157e-02,2.829832956194877625e-02,4.307832196354866028e-02,
2.332917414605617523e-02,-8.254055678844451904e-02,-7.207260280847549438e-02,8.758449926972389221e-03,1.077108178287744522e-02,-7.372280955314636230e-02,5.885650962591171265e-02,-1.351508647203445435e-01,1.407075524330139160e-01,-4.762542620301246643e-02,-5.971999466419219971e-02,1.193161532282829285e-01,
-5.229591205716133118e-02,-5.228220485150814056e-03,7.220391929149627686e-02,3.119410760700702667e-02,5.648333206772804260e-02,5.489981849677860737e-04,5.084368214011192322e-02,-9.363286662846803665e-04,2.277326770126819611e-02,1.174789294600486755e-01,-3.843431174755096436e-02,8.390073478221893311e-02,
2.259717136621475220e-02,6.373217701911926270e-02,-2.126447297632694244e-02,2.262241020798683167e-02,5.647923052310943604e-02,1.718117855489253998e-02,1.097126901149749756e-01,-4.269671812653541565e-02,3.577654808759689331e-02,-4.455785825848579407e-02,2.932217530906200409e-02,5.134913697838783264e-02,
1.540464162826538086e-02,2.130523324012756348e-02,-6.600812077522277832e-02,-2.347871847450733185e-02,6.491308659315109253e-02,1.058189105242490768e-02,-2.619740553200244904e-02,-2.413063496351242065e-02,-4.069183394312858582e-02,5.290152505040168762e-03,5.037282779812812805e-02,3.147551044821739197e-02,
-5.416250601410865784e-02,-6.028224155306816101e-02,5.885340739041566849e-03,-1.688819006085395813e-02,-1.465676873922348022e-01,-2.337769232690334320e-02,-4.762685671448707581e-02,-3.805995360016822815e-02,-3.398663401603698730e-01,-2.282614856958389282e-01,-1.880762577056884766e-01,-6.014841049909591675e-02,
-1.414057463407516479e-01,5.883333459496498108e-02,-1.172828525304794312e-01,-5.229681357741355896e-02,1.037061735987663269e-01,3.628909215331077576e-02,-7.204705476760864258e-02,-1.226422861218452454e-01,-1.362204104661941528e-01,-1.164439171552658081e-01,-4.279282689094543457e-02,3.259433805942535400e-02,
2.086381241679191589e-02,1.179398000240325928e-01,1.515599936246871948e-01,-9.066602215170860291e-03,9.999459236860275269e-02,6.698071211576461792e-02,4.224766045808792114e-02,3.516867384314537048e-02,-4.872915521264076233e-02,5.353740975260734558e-02,-1.062207892537117004e-01,5.999468639492988586e-02,
9.831830859184265137e-02,3.257543966174125671e-02,8.249346166849136353e-02,5.036403238773345947e-02,-4.952842835336923599e-03,-4.909840412437915802e-03,2.664307504892349243e-02,-2.440146356821060181e-02,-2.413263544440269470e-03,2.591512538492679596e-02,-4.549739882349967957e-02,7.150271907448768616e-03,
-1.391855720430612564e-02,7.030269503593444824e-02,2.245231531560420990e-03,9.845653176307678223e-02,-1.992381177842617035e-02,-1.017477363348007202e-02,4.444819316267967224e-02,-6.842331588268280029e-02,-2.376349456608295441e-02,1.122334972023963928e-02,-5.378683283925056458e-02,2.769257314503192902e-02,
1.649361550807952881e-01,3.778324276208877563e-02,1.202604472637176514e-01,2.701225131750106812e-02,1.022944524884223938e-01,7.254304736852645874e-02,-8.921158313751220703e-02,-7.337629050016403198e-02,7.632814813405275345e-03,-4.384024068713188171e-02,1.684625400230288506e-03,-8.532614260911941528e-02,
5.805030837655067444e-02,9.545920789241790771e-02,-6.993826478719711304e-02,-8.218638598918914795e-02,4.669068753719329834e-02,3.274205327033996582e-02,1.267067492008209229e-01,-5.613377690315246582e-02,3.871691972017288208e-02,-1.185454428195953369e-01,-9.902820736169815063e-02,-2.104557305574417114e-02,
2.519892528653144836e-02,9.519881755113601685e-02,1.281854510307312012e-01,3.052245266735553741e-02,-1.654542088508605957e-01,-9.905450791120529175e-02,3.725250065326690674e-02,1.035335138440132141e-01,-4.287768155336380005e-02,-1.982440203428268433e-01,-5.590217188000679016e-02,-3.151023760437965393e-02,
-1.343282908201217651e-01,6.513532996177673340e-02,9.583852253854274750e-03,2.080407552421092987e-02,3.052471950650215149e-02,1.133325994014739990e-01,4.860972613096237183e-02,-8.192561566829681396e-03,1.085573658347129822e-01,2.073763497173786163e-02,3.178176283836364746e-02,6.329336017370223999e-02,
-6.490396708250045776e-02,-7.499036192893981934e-02,-5.240216106176376343e-02,2.636363497003912926e-03,2.561394870281219482e-02,-1.257790811359882355e-02,-5.192695930600166321e-02,-9.064188227057456970e-03,1.097249053418636322e-02,6.945129018276929855e-03,-2.108335122466087341e-02,2.498826012015342712e-02,
-2.045433968305587769e-01,-1.173624619841575623e-01,-1.723622977733612061e-01,4.080203175544738770e-02,-7.549322396516799927e-02,4.775115102529525757e-02,-1.476923525333404541e-01,-1.334911286830902100e-01,-1.516060829162597656e-01,-1.870224624872207642e-01,-1.484900563955307007e-01,-1.554156839847564697e-01,
8.621978922747075558e-04,9.133682399988174438e-02,-6.616283953189849854e-02,-1.143626645207405090e-01,-1.686023920774459839e-01,-1.298329513520002365e-02,2.393560484051704407e-03,-1.987061463296413422e-02,-9.323912858963012695e-02,2.232444938272237778e-03,-1.258272025734186172e-02,4.451026767492294312e-02,
-4.051432013511657715e-02,4.071550210937857628e-04,-7.019459456205368042e-02,-6.805308163166046143e-02,-7.912915199995040894e-02,-6.991675496101379395e-02,-1.058297529816627502e-01,-9.179791063070297241e-02,2.080219238996505737e-02,5.986435711383819580e-02,-1.078423205763101578e-02,-5.579757317900657654e-02,
5.207128822803497314e-02,-7.877537980675697327e-03,1.317557692527770996e-02,-5.160794034600257874e-02,6.362693011760711670e-02,9.540797770023345947e-02,9.216405451297760010e-02,6.684277951717376709e-02,9.594603627920150757e-02,-6.399315595626831055e-02,-1.323341298848390579e-02,-3.252937272191047668e-02,
-1.633050143718719482e-01,-1.631409674882888794e-01,-6.097514647990465164e-03,3.308045491576194763e-02,-1.238781139254570007e-01,-9.035763889551162720e-02,4.353615269064903259e-02,-1.446706950664520264e-01,-1.398499030619859695e-02,-7.180310040712356567e-02,-4.670066386461257935e-02,-7.847928255796432495e-02,
-3.294491674751043320e-03,-1.265398561954498291e-01,-1.584864109754562378e-01,7.206090539693832397e-02,-7.140541076660156250e-02,-8.022672683000564575e-02,2.105918712913990021e-02,-5.946772545576095581e-02,2.929106587544083595e-03,-8.338119089603424072e-02,-2.669551968574523926e-02,-8.300046622753143311e-02,
1.229837089776992798e-01,5.434231460094451904e-02,2.743822336196899414e-02,2.206590771675109863e-02,1.336933299899101257e-02,4.508079960942268372e-02,7.268580794334411621e-02,1.063994467258453369e-01,1.056776419281959534e-01,1.153274327516555786e-01,7.727677375078201294e-02,5.066970363259315491e-02,
-4.077368974685668945e-02,-3.904790431261062622e-02,2.724903821945190430e-02,3.952275961637496948e-02,9.628286212682723999e-02,2.676100097596645355e-02,-1.058658435940742493e-01,7.086581736803054810e-02,-1.137026101350784302e-01,2.056587673723697662e-02,6.156370788812637329e-02,4.560820013284683228e-02,
-6.077703088521957397e-02,6.659055501222610474e-02,7.199692726135253906e-02,2.886481583118438721e-02,-2.083052881062030792e-02,-8.254964649677276611e-02,-5.388535186648368835e-02,7.419423758983612061e-02,-5.681484565138816833e-02,4.486564174294471741e-02,8.650725358165800571e-04,3.809453174471855164e-02,
-1.420680582523345947e-01,-1.285205781459808350e-01,-1.206322908401489258e-01,-1.139521896839141846e-01,1.017676386982202530e-02,-2.264215797185897827e-01,-1.546808332204818726e-01,-7.464845478534698486e-02,-3.814722895622253418e-01,-2.369435131549835205e-01,-5.240968987345695496e-02,-1.227191835641860962e-01,
-1.554546505212783813e-01,1.242311019450426102e-02,-5.165137350559234619e-02,7.071874290704727173e-02,-4.054943565279245377e-03,6.402542442083358765e-02,-1.147712692618370056e-01,1.008588224649429321e-01,-3.237191587686538696e-02,6.384389102458953857e-02,6.910881400108337402e-02,-6.232318654656410217e-02,
-1.115082949399948120e-01,4.923213273286819458e-02,4.961631819605827332e-02,6.073978915810585022e-02,3.419616818428039551e-02,-9.634006768465042114e-02,1.003316566348075867e-01,9.362445771694183350e-02,-2.523638680577278137e-02,-3.723430633544921875e-02,-3.770600771531462669e-03,8.505805395543575287e-03,
1.119591817259788513e-01,1.323635727167129517e-01,2.473733760416507721e-02,2.174830064177513123e-02,1.691098511219024658e-02,1.440313309431076050e-01,-4.453759640455245972e-02,-1.356173958629369736e-02,1.348980069160461426e-01,-5.375327169895172119e-02,1.389358937740325928e-01,-1.990120159462094307e-03,
-1.593618243932723999e-01,-1.227667368948459625e-02,-2.140573970973491669e-02,6.315511651337146759e-03,-9.422422200441360474e-02,-6.846243888139724731e-02,-1.196489185094833374e-01,8.866596966981887817e-02,-2.251101192086935043e-03,-2.398487478494644165e-01,-2.264471352100372314e-01,2.426334097981452942e-02,
-5.350372567772865295e-02,3.389693424105644226e-02,-4.519422724843025208e-02,2.412466332316398621e-02,6.528820097446441650e-02,4.690960794687271118e-02,4.899950698018074036e-02,3.490830957889556885e-02,7.567270100116729736e-02,9.733760356903076172e-02,-1.300187781453132629e-02,5.390392988920211792e-02,
-1.104717850685119629e-01,-1.974719204008579254e-02,-1.057266443967819214e-01,-1.547841075807809830e-02,-9.512427262961864471e-03,7.123577874153852463e-03,-2.586691826581954956e-02,-2.532736957073211670e-02,3.904956206679344177e-02,5.137474462389945984e-02,-3.540504956617951393e-03,-3.762630000710487366e-02,
-5.732528865337371826e-02,8.996374090202152729e-04,-7.818123698234558105e-02,1.037931218743324280e-01,1.640711165964603424e-02,-5.537095665931701660e-02,-8.588311821222305298e-02,6.261175870895385742e-02,-3.064124472439289093e-02,9.396145492792129517e-02,1.856731027364730835e-01,-3.210679069161415100e-02,
9.875135868787765503e-02,-4.156623780727386475e-02,-4.341883212327957153e-02,-4.448011144995689392e-02,-5.804489552974700928e-02,1.229848340153694153e-01,7.225156575441360474e-02,6.136796250939369202e-02,1.034794077277183533e-01,2.020571008324623108e-02,-6.340274959802627563e-02,-1.709695607423782349e-01,
-2.087050229310989380e-01,-2.779329754412174225e-02,6.241849064826965332e-02,-1.095121949911117554e-01,3.513045608997344971e-02,-9.917617589235305786e-02,-1.526149213314056396e-01,-6.260442733764648438e-02,-1.874565780162811279e-01,-5.573973432183265686e-02,-1.701358109712600708e-01,-5.199063941836357117e-02,
-3.334196656942367554e-02,-8.317939192056655884e-02,-1.132131516933441162e-01,-1.279027312994003296e-01,6.995029002428054810e-02,-1.216878071427345276e-01,5.198850855231285095e-02,-1.890423595905303955e-01,2.553442493081092834e-02,-7.523353397846221924e-02,3.938943147659301758e-03,-1.682644784450531006e-01,
-8.708652853965759277e-02,-8.382244966924190521e-03,2.939361706376075745e-02,-6.610222905874252319e-02,-3.582759201526641846e-02,7.746463641524314880e-03,5.494807660579681396e-02,6.954620778560638428e-02,2.585924416780471802e-02,-4.776661843061447144e-02,-6.281582266092300415e-02,-3.660256043076515198e-02,
3.613772243261337280e-02,4.247635602951049805e-02,5.260610207915306091e-02,-1.802468672394752502e-03,5.966666340827941895e-02,7.382851839065551758e-02,8.085671812295913696e-02,5.604413524270057678e-02,2.095688832923769951e-04,4.450557008385658264e-02,7.008922100067138672e-02,2.706988528370857239e-02,
1.216533035039901733e-01,1.018547043204307556e-01,-5.529569927603006363e-03,-2.380089834332466125e-02,-6.713140755891799927e-02,1.080413442105054855e-02,-3.006556257605552673e-02,7.725382689386606216e-03,6.193158403038978577e-02,-8.360083214938640594e-03,1.365138031542301178e-02,-3.374611027538776398e-03,
8.559439331293106079e-02,4.121960140764713287e-03,4.258359968662261963e-02,-6.607185304164886475e-02,5.619625002145767212e-02,-1.882382929325103760e-01,3.385908901691436768e-02,1.134677976369857788e-01,-1.647900976240634918e-02,7.747420575469732285e-03,-1.567815393209457397e-01,-5.104494094848632812e-02,
-9.997419267892837524e-02,-3.902218118309974670e-02,-3.090114332735538483e-02,4.694525152444839478e-03,2.170205488801002502e-02,5.833798646926879883e-02,-6.867384165525436401e-02,-1.086355075240135193e-01,1.028792038559913635e-01,5.059373751282691956e-02,3.166553750634193420e-02,-7.094376534223556519e-02,
-1.075301617383956909e-01,-6.098864600062370300e-02,-2.843512408435344696e-02,-2.433768287301063538e-02,-1.229545325040817261e-01,-6.554702669382095337e-02,8.366109803318977356e-03,6.013061851263046265e-02,2.156409434974193573e-02,-6.250625103712081909e-02,-2.160341106355190277e-02,-8.956088125705718994e-02,
-8.054311573505401611e-02,-4.056293144822120667e-02,-9.599700570106506348e-02,-7.872730493545532227e-02,-4.808423668146133423e-02,6.007517129182815552e-02,-2.019441723823547363e-01,-1.520161628723144531e-01,-6.501960009336471558e-02,1.520089805126190186e-03,2.226689271628856659e-02,-2.171743810176849365e-01,
-1.323858499526977539e-01,1.271113846451044083e-02,-4.043233394622802734e-02,5.682544410228729248e-02,-3.976060822606086731e-02,1.050156578421592712e-01,1.074549406766891479e-01,1.004334911704063416e-01,1.154941543936729431e-01,-7.696132361888885498e-02,-8.612782508134841919e-02,1.180278137326240540e-01,
5.743840336799621582e-02,3.937172517180442810e-02,-7.666587829589843750e-02,6.779540330171585083e-03,2.163865603506565094e-02,5.090183764696121216e-02,-6.007945630699396133e-03,9.360894560813903809e-02,6.564083695411682129e-02,-7.920760661363601685e-03,-6.199374422430992126e-02,-6.587429437786340714e-03,
-7.537604123353958130e-02,5.658994987607002258e-02,3.266806900501251221e-02,4.149522632360458374e-02,5.318405479192733765e-02,-1.618239842355251312e-02,4.060472920536994934e-02,-4.198746383190155029e-02,-9.922525845468044281e-03,1.645290479063987732e-02,-5.167376250028610229e-02,3.416752815246582031e-02,
1.214274913072586060e-01,8.240507543087005615e-02,4.127820581197738647e-02,3.015051409602165222e-02,7.647591829299926758e-02,8.119351416826248169e-02,2.651143120601773262e-03,7.019020617008209229e-02,9.182859957218170166e-02,5.894811823964118958e-02,3.512953966856002808e-02,8.977678418159484863e-02,
1.286108698695898056e-02,4.743253812193870544e-02,-6.395111326128244400e-03,-2.772293053567409515e-03,7.912519574165344238e-02,-2.071406226605176926e-03,8.312897384166717529e-02,1.068493425846099854e-01,1.204579230397939682e-02,6.063632667064666748e-03,6.590879056602716446e-03,-2.528802677989006042e-02,
1.439811140298843384e-01,5.740475282073020935e-02,-7.131715118885040283e-02,1.417636871337890625e-01,1.341863274574279785e-01,-9.840533602982759476e-04,-1.073110103607177734e-01,1.098119840025901794e-01,-7.868260145187377930e-02,5.948453024029731750e-02,1.549909561872482300e-01,5.833725631237030029e-02,
-4.849926382303237915e-02,-3.636233974248170853e-03,-4.059346020221710205e-02,7.527301460504531860e-02,1.140675395727157593e-01,-2.341388724744319916e-02,6.252603232860565186e-02,-3.918798267841339111e-02,8.109749853610992432e-02,1.220156475901603699e-01,1.103298962116241455e-01,8.250439167022705078e-02,
1.910470239818096161e-02,-1.083642989397048950e-02,2.146046608686447144e-02,6.527659296989440918e-02,-1.060787066817283630e-01,4.826295003294944763e-02,7.659473456442356110e-03,8.140636235475540161e-02,-2.354364842176437378e-02,-2.638911455869674683e-02,-4.211445897817611694e-02,7.057945430278778076e-02,
-5.015484243631362915e-02,2.820183988660573959e-03,-2.620427496731281281e-02,-3.615807369351387024e-02,-2.653158083558082581e-02,-4.913295805454254150e-02,3.298912197351455688e-02,2.950926125049591064e-02,-5.305432155728340149e-02,-5.187201313674449921e-03,9.120197966694831848e-03,-7.337617129087448120e-02,
-2.824960350990295410e-01,-8.310858160257339478e-02,-1.850268691778182983e-01,-4.754568636417388916e-02,-1.123853120952844620e-02,5.695524066686630249e-02,-1.644293516874313354e-01,-1.877409219741821289e-01,-1.043143495917320251e-01,-1.543107479810714722e-01,1.695564016699790955e-02,-1.494890749454498291e-01,
-8.622875809669494629e-02,6.981674581766128540e-02,-1.274619903415441513e-02,1.299704611301422119e-01,-1.940119639039039612e-02,1.321560442447662354e-01,-5.204297229647636414e-02,9.050711244344711304e-02,-7.092287391424179077e-02,-3.384144976735115051e-02,1.207265537232160568e-02,9.653949737548828125e-02,
5.248623341321945190e-02,3.733706474304199219e-02,-3.361058235168457031e-02,3.262662515044212341e-02,7.346498221158981323e-02,-3.058986179530620575e-02,5.494226142764091492e-02,-3.431633859872817993e-02,7.972167432308197021e-02,7.190449535846710205e-02,3.645261377096176147e-02,-2.288074977695941925e-02,
1.170742809772491455e-01,-2.100873552262783051e-02,2.176182158291339874e-02,7.656080275774002075e-02,-3.950464306399226189e-04,2.539376728236675262e-02,-1.042222138494253159e-02,4.497949406504631042e-02,9.183024056255817413e-03,-2.203397452831268311e-02,5.345473811030387878e-02,8.025261014699935913e-02,
-2.268810197710990906e-02,1.196086630225181580e-01,9.012895077466964722e-02,6.333156954497098923e-03,1.540258377790451050e-01,-2.760174684226512909e-02,7.958944886922836304e-02,1.557954028248786926e-02,-1.031465753912925720e-01,8.309637010097503662e-02,4.572541266679763794e-02,-2.952830493450164795e-02,
2.769703860394656658e-05,-9.006117284297943115e-02,-6.755586713552474976e-02,-7.770755887031555176e-02,-1.777686923742294312e-02,-2.829317818395793438e-04,4.540828242897987366e-02,-1.229029297828674316e-01,-8.169937133789062500e-02,9.423463046550750732e-02,-1.792761832475662231e-01,-1.599977612495422363e-01,
-1.392943412065505981e-01,-8.555439300835132599e-03,-1.413405686616897583e-02,8.850071579217910767e-02,3.482029074802994728e-03,2.924486063420772552e-02,2.948114089667797089e-02,-3.465661779046058655e-02,1.230303011834621429e-02,1.408658362925052643e-02,-1.630621030926704407e-02,1.536848954856395721e-02,
-3.580494667403399944e-04,1.133351549506187439e-01,5.105862766504287720e-02,-3.939025476574897766e-02,4.746918380260467529e-02,-4.878352209925651550e-02,3.329996392130851746e-02,1.224811896681785583e-01,-3.150265291333198547e-02,-7.337580621242523193e-02,-4.404246434569358826e-02,-4.183683916926383972e-02,
1.727919839322566986e-02,1.475788056850433350e-01,6.270993035286664963e-03,-6.251449137926101685e-02,5.245604366064071655e-02,4.662916809320449829e-02,9.568863362073898315e-02,9.980272501707077026e-02,9.766656905412673950e-02,-1.343064159154891968e-01,-2.153641544282436371e-02,-9.789582341909408569e-03,
-2.743549346923828125e-01,3.170239552855491638e-02,-1.250346601009368896e-01,-1.700261533260345459e-01,-8.845256268978118896e-02,-1.983359903097152710e-01,-1.204304248094558716e-01,-6.748919188976287842e-02,-3.813084587454795837e-02,-2.774640023708343506e-01,-1.248118132352828979e-01,-2.330320142209529877e-02,
-1.397418975830078125e-01,-2.921695709228515625e-01,-5.900774896144866943e-02,-3.461963683366775513e-02,-6.150669604539871216e-02,2.363446354866027832e-02,-1.360477060079574585e-01,-6.662836531177163124e-04,-8.715286850929260254e-02,-7.509913295507431030e-02,4.977422580122947693e-02,-2.106941640377044678e-01,
9.319567680358886719e-02,4.343289881944656372e-03,-3.866305574774742126e-02,6.573607027530670166e-02,-1.326050460338592529e-01,2.417817339301109314e-02,2.509688958525657654e-03,7.139001041650772095e-02,-7.530765235424041748e-02,-1.485569030046463013e-01,2.437718771398067474e-02,1.009373515844345093e-01,
-3.916538879275321960e-02,1.546877902001142502e-03,6.147189531475305557e-03,-8.768921345472335815e-02,6.282571703195571899e-02,-1.295835152268409729e-02,1.048101205378770828e-02,1.080336328595876694e-02,5.116644129157066345e-02,-2.972482144832611084e-02,-6.841372698545455933e-03,-6.633312255144119263e-02,
-5.447058007121086121e-02,6.919143348932266235e-02,3.263135440647602081e-03,-5.643305927515029907e-02,-6.111748889088630676e-02,-5.892501398921012878e-02,-3.355427086353302002e-02,-9.376423805952072144e-02,-9.927786141633987427e-02,-3.368181735277175903e-02,7.097301632165908813e-02,2.457572519779205322e-02,
-1.932328008115291595e-02,9.100870788097381592e-02,-3.562080115079879761e-02,-3.685117000713944435e-03,-1.457278989255428314e-02,3.242603689432144165e-02,-2.734260447323322296e-02,1.356922239065170288e-01,1.526123937219381332e-02,-4.291363805532455444e-02,7.490039616823196411e-02,1.363849546760320663e-02,
-1.054717302322387695e-01,-2.131288684904575348e-02,-2.521619200706481934e-02,-3.692598640918731689e-02,-1.020273417234420776e-01,-1.090002730488777161e-01,2.933605387806892395e-02,1.260011494159698486e-01,3.542703762650489807e-02,-6.319253891706466675e-02,1.244623064994812012e-01,8.721546083688735962e-02,
-1.510623656213283539e-02,7.548591494560241699e-02,4.052963852882385254e-02,-1.023642644286155701e-01,3.563708439469337463e-02,-2.007916942238807678e-02,7.754179835319519043e-02,3.746981918811798096e-02,-3.472156822681427002e-03,1.284517068415880203e-02,-5.445720255374908447e-02,-4.940684512257575989e-02,
-2.322960458695888519e-02,-7.582924515008926392e-02,-7.887447625398635864e-02,9.988744743168354034e-03,-9.313959628343582153e-02,-6.389343645423650742e-03,-1.289177387952804565e-01,7.553179282695055008e-03,3.659308701753616333e-02,-8.276552706956863403e-02,8.686480112373828888e-03,3.065497241914272308e-02,
-4.838658869266510010e-02,8.004537224769592285e-02,-8.593142032623291016e-02,-5.512954294681549072e-02,-2.403083629906177521e-02,-6.406403332948684692e-02,-6.557572633028030396e-02,7.058095932006835938e-02,7.044601440429687500e-02,3.848921507596969604e-02,1.123524364084005356e-02,3.940364718437194824e-02,
-1.485485583543777466e-01,-8.103046566247940063e-02,-1.459186822175979614e-01,-8.201421797275543213e-02,-3.865604102611541748e-02,-1.565816253423690796e-01,-2.120731212198734283e-02,1.288957446813583374e-01,-7.035316526889801025e-02,7.304690778255462646e-02,-1.905046552419662476e-01,-8.195480704307556152e-02,
1.265872549265623093e-02,-1.992593333125114441e-02,5.937882140278816223e-02,-2.672952972352504730e-02,-1.466383785009384155e-01,7.447385787963867188e-02,4.044939577579498291e-02,-1.072155907750129700e-01,-9.379152208566665649e-02,1.435701153241097927e-03,4.348409827798604965e-03,-9.825192391872406006e-02,
1.083905324339866638e-01,-3.133216500282287598e-02,-8.217756636440753937e-03,-2.686400711536407471e-02,8.629880100488662720e-02,-7.617302983999252319e-02,2.682630531489849091e-02,-6.015682220458984375e-02,-6.597954779863357544e-02,4.943295568227767944e-02,9.683876484632492065e-02,4.803032614290714264e-03,
-1.943315751850605011e-02,4.050221294164657593e-02,-1.175789013504981995e-01,-5.753660574555397034e-03,-2.221325971186161041e-02,-6.022075191140174866e-02,-4.075173661112785339e-02,5.034545902162790298e-03,8.970203250646591187e-02,5.366560537368059158e-03,-5.015028640627861023e-02,-7.016878575086593628e-02,
-3.044748865067958832e-02,-1.189062930643558502e-02,-4.864546656608581543e-02,-1.317356377840042114e-01,7.515183649957180023e-03,-6.148240342736244202e-02,-3.831756487488746643e-02,6.547738332301378250e-03,-8.386391401290893555e-02,-8.752676844596862793e-02,3.058587945997714996e-02,2.206542156636714935e-02,
-5.132281035184860229e-02,4.310323670506477356e-02,7.274748384952545166e-02,1.218529269099235535e-01,-5.350651964545249939e-02,3.508650884032249451e-02,-3.846403956413269043e-02,8.840979635715484619e-02,-2.427314966917037964e-02,-6.657522171735763550e-02,-7.176354527473449707e-03,6.058074533939361572e-02,
-1.016902253031730652e-01,2.578940708190202713e-03,5.055752117186784744e-03,8.303631842136383057e-02,-4.142426326870918274e-02,8.646253496408462524e-02,-2.256944961845874786e-02,4.466141760349273682e-02,4.737631231546401978e-02,7.694075256586074829e-02,-7.713885046541690826e-03,-1.254495978355407715e-02,
6.737618893384933472e-02,4.976783692836761475e-02,-4.398240707814693451e-03,-5.807712301611900330e-02,-1.512191146612167358e-01,-4.976735264062881470e-02,-8.538607507944107056e-02,-1.301541458815336227e-02,-6.610003113746643066e-02,-4.605136811733245850e-02,-1.174480840563774109e-01,-9.093694388866424561e-03,
-7.070703059434890747e-02,4.207452014088630676e-02,-1.000221967697143555e-01,-1.481556594371795654e-01,5.610369518399238586e-02,-1.657271198928356171e-02,-1.125357858836650848e-02,1.302474588155746460e-01,4.853328317403793335e-02,-9.554177522659301758e-03,-2.343225851655006409e-02,-4.006835073232650757e-02,
-4.612377285957336426e-02,-5.605975165963172913e-02,-3.472291305661201477e-02,-5.765643715858459473e-02,2.985349297523498535e-02,8.843526989221572876e-02,-7.365848869085311890e-02,8.671500533819198608e-02,5.593304336071014404e-02,6.046996265649795532e-02,1.177335977554321289e-01,-4.576437175273895264e-03,
-1.381624341011047363e-01,2.581732161343097687e-02,-1.145257577300071716e-01,5.584461614489555359e-02,5.983564630150794983e-02,1.801167428493499756e-01,-7.001648843288421631e-02,1.228572241961956024e-02,6.322142481803894043e-02,2.332952135475352407e-04,-3.836701065301895142e-02,1.637775152921676636e-01,
-5.682573840022087097e-02,6.006994843482971191e-02,-2.412914298474788666e-02,1.010551489889621735e-02,-7.639764249324798584e-02,-1.536239832639694214e-01,-5.366133898496627808e-02,7.501303404569625854e-02,-7.462253421545028687e-02,-1.844024509191513062e-01,-7.897174358367919922e-02,-4.725858196616172791e-02,
-2.964246273040771484e-02,1.540620066225528717e-02,-4.075638204813003540e-02,1.249622460454702377e-02,7.590583711862564087e-02,-1.154183759354054928e-03,-3.235075995326042175e-02,-5.669382214546203613e-02,-3.128970041871070862e-02,-5.042606964707374573e-02,1.449430547654628754e-02,5.165269225835800171e-02,
-9.845675528049468994e-02,-8.980345726013183594e-02,2.941141836345195770e-02,-4.341092426329851151e-03,-6.812087446451187134e-02,7.983729592524468899e-04,-3.273439127951860428e-03,1.169864311814308167e-01,-6.409834325313568115e-02,-2.076205983757972717e-02,-9.502301365137100220e-02,-8.249011635780334473e-02,
1.550339758396148682e-01,7.198280841112136841e-02,-7.734773308038711548e-02,9.064235538244247437e-02,1.277222633361816406e-01,-5.477295443415641785e-02,5.885541811585426331e-02,7.656560093164443970e-02,1.208363696932792664e-01,2.891799993813037872e-02,1.104971244931221008e-01,-2.487822435796260834e-02,
-1.212238445878028870e-01,2.478082664310932159e-03,-1.122850701212882996e-01,1.339156925678253174e-01,-3.477186709642410278e-02,-9.381742775440216064e-02,3.910564258694648743e-02,-6.392342597246170044e-02,-6.706191599369049072e-02,-7.752524316310882568e-02,-9.114643186330795288e-02,4.117917269468307495e-02,
1.129765063524246216e-01,-3.885324299335479736e-02,-1.412096619606018066e-01,-1.622013002634048462e-02,2.954524382948875427e-02,-5.248108133673667908e-02,-2.043910138309001923e-02,5.994290858507156372e-02,1.467721071094274521e-02,7.220166921615600586e-02,6.466934829950332642e-02,9.935426712036132812e-02,
-1.849078834056854248e-01,-9.337586909532546997e-02,-6.416155397891998291e-02,-1.406146585941314697e-01,-5.198546219617128372e-03,-6.509338319301605225e-02,-1.347489655017852783e-01,-1.299259960651397705e-01,1.447547040879726410e-02,-1.372464150190353394e-01,2.806044928729534149e-02,-7.544090598821640015e-02,
-1.343532502651214600e-01,-6.371834874153137207e-02,-9.634283930063247681e-02,-6.119339168071746826e-02,9.833108633756637573e-02,2.020759042352437973e-03,-3.901652619242668152e-02,1.037117019295692444e-01,6.327399611473083496e-02,-9.064683318138122559e-02,-1.164110004901885986e-01,-4.831919074058532715e-02,
1.625890471041202545e-02,-7.243945449590682983e-02,-3.680720552802085876e-02,-1.645170301198959351e-01,-5.094798281788825989e-03,-8.328034728765487671e-02,-3.612788766622543335e-02,3.841467434540390968e-03,-2.690734565258026123e-01,-3.002911508083343506e-01,-3.454177975654602051e-01,4.906009882688522339e-02,
-1.414195746183395386e-01,2.439925260841846466e-02,7.991688698530197144e-02,-8.588966913521289825e-03,5.536584183573722839e-02,-4.391527175903320312e-02,8.337737619876861572e-02,2.489210665225982666e-02,-1.746318489313125610e-02,5.135307088494300842e-02,1.075362190604209900e-01,-6.921024527400732040e-03,
-1.515146158635616302e-02,7.142794132232666016e-02,-9.192895889282226562e-02,-1.567718014121055603e-02,5.412537604570388794e-02,-1.455733273178339005e-02,1.561564952135086060e-02,7.467628270387649536e-02,9.032826125621795654e-02,7.807432860136032104e-02,-5.609393864870071411e-02,-2.457800507545471191e-02,
-1.146326400339603424e-02,1.947354897856712341e-02,1.002299506217241287e-02,8.566091209650039673e-02,1.496869139373302460e-02,6.392813473939895630e-02,1.807012711651623249e-03,6.502898037433624268e-02,2.408751845359802246e-02,-2.847552672028541565e-02,2.831797488033771515e-02,5.898548755794763565e-03,
-8.214336633682250977e-02,2.474041096866130829e-02,-3.839600831270217896e-02,5.101394373923540115e-03,3.346001729369163513e-02,6.794837862253189087e-02,-1.577463932335376740e-02,-5.359751731157302856e-02,1.027600467205047607e-02,1.384087931364774704e-02,4.766819253563880920e-02,6.032479181885719299e-02,
-1.997073590755462646e-01,9.087589569389820099e-03,5.493453703820705414e-03,3.012386523187160492e-02,1.446575578302145004e-02,-9.195081889629364014e-02,-1.088549476116895676e-02,-3.394141094759106636e-03,-1.196953952312469482e-01,9.535819292068481445e-02,-1.270100325345993042e-01,7.045431435108184814e-02,
1.694559678435325623e-02,-8.461730182170867920e-02,2.658084733411669731e-03,-1.627204567193984985e-01,1.369401346892118454e-02,-8.080459386110305786e-02,-1.915205568075180054e-01,-3.320619091391563416e-02,-5.126908048987388611e-02,-1.629896648228168488e-02,-9.134298563003540039e-02,3.809038177132606506e-02,
-3.876123810186982155e-03,4.487965255975723267e-02,7.074917852878570557e-02,3.051874227821826935e-02,-5.840712413191795349e-02,-4.931580275297164917e-02,-4.721464961767196655e-02,5.363197624683380127e-02,-4.897260665893554688e-02,-7.726281881332397461e-02,-3.131373599171638489e-02,-3.270341828465461731e-02,
-4.588249698281288147e-02,-1.338355094194412231e-01,-7.835546135902404785e-02,-1.014232113957405090e-01,-8.605176210403442383e-02,1.407469040714204311e-03,-1.055090129375457764e-01,-2.557140588760375977e-02,-1.515737362205982208e-02,1.073643341660499573e-01,9.476408362388610840e-02,-3.880220651626586914e-02,
-8.183793723583221436e-02,-7.128519564867019653e-02,8.996029198169708252e-02,-5.097035318613052368e-03,-2.926595136523246765e-02,9.440121799707412720e-02,9.877745807170867920e-02,2.395651675760746002e-02,-4.006465151906013489e-02,6.434683501720428467e-02,-2.228025905787944794e-02,-4.174983501434326172e-02,
-1.046798080205917358e-01,-6.157616153359413147e-02,-9.154573082923889160e-02,5.092531070113182068e-02,8.258970081806182861e-02,9.489088505506515503e-02,-2.273177355527877808e-01,-5.202294886112213135e-02,-1.197929382324218750e-01,-1.639770120382308960e-01,-1.313497424125671387e-01,-4.133016616106033325e-02,
-1.625837087631225586e-01,-1.350511913187801838e-03,-2.887962386012077332e-03,7.151961326599121094e-02,3.009509667754173279e-02,-3.015662916004657745e-02,5.568861588835716248e-02,-2.564401365816593170e-02,-6.297180056571960449e-02,6.805036216974258423e-02,3.295905515551567078e-02,1.472274772822856903e-02,
6.564716249704360962e-02,-1.058858633041381836e-01,5.931919068098068237e-02,-5.487452447414398193e-02,-1.862689480185508728e-02,8.021505177021026611e-02,-1.733075641095638275e-02,2.193705551326274872e-02,-1.356390397995710373e-02,-1.067276522517204285e-01,8.474934147670865059e-04,5.083196982741355896e-02,
-3.327541053295135498e-02,1.934030652046203613e-02,3.990999236702919006e-02,-9.835124760866165161e-02,-2.531190030276775360e-02,-6.222356855869293213e-02,5.920562520623207092e-02,-1.203337218612432480e-02,1.069935783743858337e-01,4.922114685177803040e-02,-1.889035105705261230e-02,2.830642275512218475e-03,
-3.511820733547210693e-02,-1.109446436166763306e-01,-1.340084075927734375e-01,-1.027477681636810303e-01,6.708746403455734253e-02,-1.421052962541580200e-01,1.367568038403987885e-02,-4.249400645494461060e-02,7.344377040863037109e-02,-9.256631880998611450e-02,-8.045699447393417358e-02,-4.989198874682188034e-03,
-7.343482226133346558e-02,3.315159678459167480e-02,2.584709599614143372e-02,-4.019569978117942810e-02,1.825291104614734650e-02,2.014177665114402771e-02,-4.996457602828741074e-03,-3.629149869084358215e-02,1.790011115372180939e-02,6.367649137973785400e-02,4.143959283828735352e-02,6.448584049940109253e-02,
-2.400089055299758911e-03,2.362891659140586853e-02,2.922119945287704468e-02,-1.761837005615234375e-01,4.367353022098541260e-02,-1.117720454931259155e-01,-8.513900637626647949e-02,8.148802071809768677e-02,-1.023527011275291443e-01,-2.114579379558563232e-01,-3.161630928516387939e-01,-1.443049311637878418e-01,
-1.316816806793212891e-01,3.240370005369186401e-02,-2.057983353734016418e-02,-9.461873024702072144e-02,7.238542288541793823e-02,-1.684968546032905579e-02,3.174794092774391174e-02,-1.365414857864379883e-01,3.569820895791053772e-02,-1.747108101844787598e-01,-7.183183450251817703e-03,-2.552778646349906921e-02,
-8.748704940080642700e-02,4.033090546727180481e-02,-3.958223760128021240e-02,1.432301253080368042e-01,8.536917716264724731e-02,3.861808404326438904e-02,1.009664982557296753e-01,5.171652417629957199e-03,-8.602059446275234222e-03,-3.222467005252838135e-02,6.205759570002555847e-02,-3.518296778202056885e-02,
1.000096723437309265e-01,-4.764643311500549316e-02,3.229305148124694824e-02,1.668158322572708130e-01,-5.925256758928298950e-02,2.376276627182960510e-02,5.255967006087303162e-02,5.627244710922241211e-02,1.891696266829967499e-02,5.301934853196144104e-02,5.968461558222770691e-02,6.081503257155418396e-02,
-2.037493884563446045e-01,1.212291419506072998e-02,-8.884916454553604126e-02,1.423792075365781784e-02,-6.377331167459487915e-02,-6.583185493946075439e-02,-3.256487101316452026e-02,-2.388387173414230347e-02,-7.454537600278854370e-02,-3.313054889440536499e-02,-6.625108420848846436e-02,-4.641769826412200928e-02,
1.716998592019081116e-02,-1.132821962237358093e-01,1.180880889296531677e-02,-9.251005016267299652e-03,6.065394729375839233e-02,-1.066822707653045654e-01,-1.293171048164367676e-01,-9.112995117902755737e-02,2.704737149178981781e-02,4.674843978136777878e-03,1.410646736621856689e-01,5.038097128272056580e-02,
-8.759824186563491821e-02,-3.602061048150062561e-02,1.390657201409339905e-02,-1.230191718786954880e-02,5.582208558917045593e-02,-1.137849092483520508e-01,1.080907657742500305e-01,-2.830803021788597107e-02,-7.926172763109207153e-02,1.526847574859857559e-02,-7.785679399967193604e-02,-2.568838419392704964e-03,
8.255521208047866821e-02,6.782490015029907227e-02,4.246680438518524170e-02,-4.255802556872367859e-02,-6.427219510078430176e-02,7.384038530290126801e-03,3.560886159539222717e-02,-1.445232629776000977e-01,9.879226982593536377e-02,-1.164683103561401367e-01,1.442396044731140137e-01,9.399719536304473877e-02,
-3.368453085422515869e-01,4.564816504716873169e-02,-6.964765489101409912e-02,-7.134379446506500244e-02,-6.673254817724227905e-02,2.291573910042643547e-03,-8.679898828268051147e-02,-3.100661560893058777e-02,6.663901358842849731e-02,-8.151156455278396606e-02,-1.298845559358596802e-01,-6.971142441034317017e-02,
1.037819832563400269e-01,-2.847020328044891357e-02,8.265101909637451172e-02,1.885339734144508839e-04,-8.635739237070083618e-02,3.718929598107933998e-03,2.330681309103965759e-02,-7.504411786794662476e-02,3.516147285699844360e-02,9.958361089229583740e-02,-5.934508517384529114e-02,-7.174029015004634857e-03,
1.825814484618604183e-03,-7.354870438575744629e-02,9.255719184875488281e-02,-1.439394503831863403e-01,-1.078914925456047058e-01,-6.047022715210914612e-02,1.144321709871292114e-01,4.484257847070693970e-02,-7.335252314805984497e-02,-1.309400647878646851e-01,-6.238140165805816650e-03,-1.200540959835052490e-01,
2.069398015737533569e-02,1.001521274447441101e-01,6.660383194684982300e-02,-2.309078909456729889e-02,-4.570616409182548523e-02,3.541383519768714905e-02,1.014773035421967506e-03,-6.947140395641326904e-02,5.249115824699401855e-02,-6.607338041067123413e-02,-4.214580170810222626e-03,5.079517886042594910e-02,
4.113143775612115860e-03,-1.391154481098055840e-03,6.070374697446823120e-02,-1.032482087612152100e-01,1.000045761466026306e-01,4.107416421175003052e-02,7.140195369720458984e-02,1.333844661712646484e-02,-7.213670760393142700e-02,-1.685298420488834381e-02,1.030248031020164490e-01,5.992612801492214203e-03,
7.741908729076385498e-02,4.645032342523336411e-03,-1.415885984897613525e-01,4.433784261345863342e-02,-8.364041894674301147e-02,-3.972584754228591919e-02,-8.726976066827774048e-02,2.144167199730873108e-02,-8.841309696435928345e-02,-1.202216222882270813e-01,-6.526612490415573120e-02,-9.111409634351730347e-02,
7.896484434604644775e-02,7.470075786113739014e-02,4.709621146321296692e-02,3.219220787286758423e-02,-2.658540569245815277e-02,-3.357009962201118469e-02,5.080491676926612854e-02,-2.037259750068187714e-03,-1.266024168580770493e-02,7.799861580133438110e-02,8.845137432217597961e-03,2.209692820906639099e-02,
-2.278964221477508545e-01,-1.472259312868118286e-01,-1.033332198858261108e-01,-1.907358318567276001e-01,-3.066603243350982666e-01,-2.181895524263381958e-01,-1.360698789358139038e-01,-8.266417682170867920e-02,-1.177011728286743164e-01,-1.498889327049255371e-01,-1.485643386840820312e-01,-2.217989414930343628e-01,
-2.298434674739837646e-01,-1.498780548572540283e-01,-1.091370135545730591e-01,5.520053580403327942e-02,-4.975390434265136719e-02,-7.974736392498016357e-03,-1.457287967205047607e-01,4.416572395712137222e-03,-1.547607779502868652e-01,-5.486674234271049500e-02,-2.066209018230438232e-01,-1.597454249858856201e-01,
-1.747889369726181030e-01,-3.058713674545288086e-02,-7.523646950721740723e-02,-3.546339273452758789e-02,-4.665302485227584839e-02,-1.167475134134292603e-01,-6.650140881538391113e-02,-1.136070936918258667e-01,-1.032865941524505615e-01,-3.351357951760292053e-02,4.860132560133934021e-02,2.713483572006225586e-02,
-1.635266989469528198e-01,-1.865776814520359039e-02,-2.084500901401042938e-02,-1.869303584098815918e-01,8.870952762663364410e-03,-3.547556931152939796e-03,-8.989970386028289795e-02,2.415741793811321259e-02,-8.408424258232116699e-02,4.413103684782981873e-02,-8.071819692850112915e-02,1.077727228403091431e-02,
4.753455147147178650e-02,7.723579555749893188e-02,-8.761648088693618774e-02,-2.742947451770305634e-02,7.771725207567214966e-02,-4.778575617820024490e-03,-3.830806910991668701e-02,-3.173248097300529480e-02,1.357023864984512329e-01,5.794609338045120239e-02,1.030883714556694031e-01,-5.341235548257827759e-02,
-9.633616358041763306e-02,-1.324725057929754257e-02,-8.098638057708740234e-02,-7.732408493757247925e-02,-4.225141555070877075e-02,1.213550288230180740e-02,4.254036396741867065e-02,7.159535889513790607e-04,3.961882321164011955e-04,-1.561221107840538025e-02,5.553074181079864502e-02,-3.027872182428836823e-02,
-3.306325525045394897e-02,5.616443976759910583e-02,9.296248666942119598e-03,3.739363700151443481e-02,2.054121345281600952e-02,-5.251018796116113663e-03,-5.544293671846389771e-02,-7.384751737117767334e-02,-1.362966466695070267e-02,7.441812753677368164e-02,-1.142879296094179153e-02,3.426191210746765137e-02,
2.948727691546082497e-03,-5.241449177265167236e-02,-3.619704395532608032e-02,1.918501779437065125e-02,-8.105237782001495361e-02,1.074398085474967957e-01,5.621460266411304474e-03,-6.832158565521240234e-02,1.280878949910402298e-02,-8.716668933629989624e-02,-2.126452699303627014e-02,9.204141795635223389e-02,
4.740344360470771790e-02,3.209729865193367004e-02,2.555149979889392853e-02,7.653649151325225830e-02,-3.078349865972995758e-02,9.001208841800689697e-02,7.580141723155975342e-02,3.257407993078231812e-02,-3.326890245079994202e-02,-8.384758979082107544e-02,-6.850419938564300537e-02,1.471302099525928497e-02,
-1.560047082602977753e-02,-1.122319549322128296e-01,-9.272442013025283813e-02,3.035662509500980377e-02,-7.271317392587661743e-02,4.152987617999315262e-03,3.800199832767248154e-03,-1.180209815502166748e-01,-8.927135169506072998e-02,-7.450357545167207718e-03,-1.139435321092605591e-01,-1.196749359369277954e-01,
-1.975657641887664795e-01,-1.537608075886964798e-02,-8.082583546638488770e-02,-2.924483641982078552e-02,-3.807130083441734314e-02,3.856520354747772217e-02,-5.002586543560028076e-02,5.191835016012191772e-02,-1.753541827201843262e-02,-3.856192110106348991e-03,-4.301415383815765381e-02,-8.197409659624099731e-02,
-6.310652941465377808e-02,1.038640215992927551e-01,1.312348544597625732e-01,-1.967827379703521729e-01,-3.259559348225593567e-02,8.605074882507324219e-02,1.209050789475440979e-02,-2.568602375686168671e-02,-9.362613409757614136e-02,-6.469063460826873779e-02,-6.186813581734895706e-03,-1.205260008573532104e-01,
1.021155118942260742e-01,9.896994382143020630e-02,2.413488551974296570e-02,3.711159527301788330e-02,-5.929720774292945862e-02,-3.404968604445457458e-02,1.649005524814128876e-02,4.327798634767532349e-02,-2.870268002152442932e-02,-1.797220408916473389e-01,-2.640513516962528229e-02,8.265755325555801392e-02,
1.429010182619094849e-02,1.747383363544940948e-02,-7.647547870874404907e-02,4.588592052459716797e-02,6.979931890964508057e-02,8.554311841726303101e-02,4.508123919367790222e-02,5.904430896043777466e-02,1.275635212659835815e-01,-1.309162471443414688e-02,-4.661124199628829956e-02,9.874316304922103882e-02,
-8.908811211585998535e-02,8.014465123414993286e-02,-4.206410422921180725e-02,-7.432109862565994263e-02,-1.334760989993810654e-02,1.886383048258721828e-03,-2.639775536954402924e-02,-1.219178661704063416e-01,1.410894840955734253e-02,-8.280543610453605652e-03,-4.782247543334960938e-02,-2.436921559274196625e-02,
-1.236687228083610535e-01,-4.253919422626495361e-02,1.688266396522521973e-01,2.634364552795886993e-02,-6.491166353225708008e-02,-4.641555249691009521e-02,1.112564653158187866e-01,-1.959480345249176025e-02,-3.798983618617057800e-02,-5.923820659518241882e-02,-8.927872031927108765e-02,1.520294230431318283e-02,
-3.842074424028396606e-02,1.804796420037746429e-02,6.292828172445297241e-02,3.155674040317535400e-02,7.171812653541564941e-02,-2.573514543473720551e-02,1.106844395399093628e-01,5.998899415135383606e-02,-5.886324122548103333e-02,-4.250186029821634293e-03,5.349569022655487061e-02,-4.622461274266242981e-02,
3.596953302621841431e-02,7.104517519474029541e-02,2.258273400366306305e-02,-1.852913759648799896e-02,-6.681483983993530273e-02,4.023342207074165344e-02,1.953808963298797607e-02,1.606005989015102386e-02,6.449055671691894531e-02,1.614508032798767090e-02,1.525055244565010071e-02,-3.931199759244918823e-02,
-1.714351773262023926e-01,-7.141013164073228836e-03,-2.986838668584823608e-02,-8.480966836214065552e-02,8.219075947999954224e-02,-1.779282242059707642e-01,-1.129131838679313660e-01,-1.215458512306213379e-01,-1.429363787174224854e-01,-1.518015861511230469e-01,-5.868926644325256348e-02,-1.785105764865875244e-01,
-1.064475253224372864e-02,-8.925138972699642181e-03,-4.160600528120994568e-02,6.454633176326751709e-02,1.602195017039775848e-02,8.124338462948799133e-03,-5.669399350881576538e-02,3.031221404671669006e-02,-9.514150023460388184e-02,3.048397414386272430e-02,1.140272095799446106e-01,5.410323292016983032e-02,
-1.290716826915740967e-01,-2.349447458982467651e-02,-6.658807978965342045e-05,-9.997853636741638184e-02,4.722458496689796448e-02,-1.145357489585876465e-01,-8.200602605938911438e-03,-6.310148537158966064e-02,-5.071932077407836914e-02,-1.115618795156478882e-01,-3.854040801525115967e-02,3.585585951805114746e-02,
7.960925251245498657e-02,8.888583630323410034e-02,4.788867011666297913e-02,9.467015974223613739e-03,2.124865539371967316e-03,3.844456747174263000e-02,7.624974846839904785e-02,6.641610711812973022e-02,6.728521548211574554e-03,-2.827433869242668152e-02,2.177513577044010162e-02,-1.626330614089965820e-02,
-3.416543826460838318e-02,3.363680094480514526e-02,1.029673665761947632e-01,1.098110973834991455e-01,-1.455704588443040848e-02,8.261433243751525879e-02,8.223772048950195312e-02,-5.712455604225397110e-03,-4.875411093235015869e-02,-6.744250655174255371e-02,-8.252562023699283600e-03,8.370306342840194702e-02,
-2.142714522778987885e-02,2.925514942035079002e-03,-1.466393843293190002e-02,4.531324282288551331e-02,5.309135653078556061e-03,-2.162471413612365723e-02,-2.394463494420051575e-02,2.717589959502220154e-02,-5.853253975510597229e-02,-2.668028138577938080e-02,5.329258739948272705e-02,6.752698123455047607e-02,
-8.821839094161987305e-02,-7.167439162731170654e-02,-8.329820632934570312e-02,-6.244901567697525024e-03,-9.831766039133071899e-02,-4.656808450818061829e-02,2.907438017427921295e-02,-1.052726060152053833e-01,-5.263878498226404190e-03,-3.389329016208648682e-01,-1.153164282441139221e-01,2.049775503110140562e-05,
-3.465917659923434258e-03,-5.795529577881097794e-04,-6.898444145917892456e-02,-1.006130948662757874e-01,-5.035504698753356934e-02,-2.442530728876590729e-02,6.132284179329872131e-03,-1.166822388768196106e-03,1.441303268074989319e-02,-1.943973265588283539e-02,5.121881607919931412e-03,-1.294072568416595459e-01,
-4.531699419021606445e-02,-1.365350484848022461e-01,-4.296976607292890549e-03,-9.187617152929306030e-02,-1.509382873773574829e-01,-1.355984956026077271e-01,2.084019593894481659e-02,-3.678617253899574280e-02,-7.232937961816787720e-02,-1.319932788610458374e-01,-1.075988933444023132e-01,-1.186645105481147766e-01,
4.382456094026565552e-02,-7.658996433019638062e-02,-1.255781855434179306e-03,4.251099005341529846e-02,7.240107655525207520e-02,6.811090279370546341e-03,-1.348862797021865845e-01,-7.996863126754760742e-02,8.133622258901596069e-02,-2.771091088652610779e-02,3.641998022794723511e-02,3.991143777966499329e-02,
-2.948359027504920959e-02,5.936808139085769653e-02,9.647966176271438599e-02,-6.057168915867805481e-02,1.733790896832942963e-02,-4.243108257651329041e-02,-4.538254067301750183e-02,-6.006974726915359497e-02,1.816866174340248108e-02,8.132070302963256836e-02,5.557634681463241577e-02,-5.036297813057899475e-02,
-2.532948851585388184e-01,-3.462772816419601440e-02,-4.714607819914817810e-02,-1.378480810672044754e-02,-1.987146399915218353e-02,8.509758114814758301e-02,-2.490566484630107880e-02,-1.292671114206314087e-01,3.714904189109802246e-02,-5.555905774235725403e-02,2.856447733938694000e-02,1.043982245028018951e-02,
-1.253538578748703003e-01,-5.132694169878959656e-02,1.368946433067321777e-01,-1.032940819859504700e-01,-1.041010841727256775e-01,8.235440403223037720e-02,-9.197748266160488129e-03,-1.257243752479553223e-01,-1.581103354692459106e-02,-9.698331356048583984e-02,7.871864736080169678e-02,7.245074212551116943e-02,
-4.575259685516357422e-01,-1.890418231487274170e-01,-1.469267308712005615e-01,-1.706698387861251831e-01,-3.807679936289787292e-02,-2.709467411041259766e-01,-4.849717020988464355e-02,-1.269136667251586914e-01,-1.808998584747314453e-01,-1.018915772438049316e-01,-5.000616237521171570e-02,-5.173990875482559204e-02,
-4.871656298637390137e-01,4.847037419676780701e-02,2.515849424526095390e-03,1.170917041599750519e-02,-1.747324466705322266e-01,-5.620480328798294067e-02,-6.549042463302612305e-02,4.480625316500663757e-02,-1.408442738465964794e-03,-7.515227794647216797e-02,-1.340483427047729492e-01,3.563452139496803284e-02,
-3.791418299078941345e-02,7.302413880825042725e-02,-1.209467872977256775e-01,-5.072328075766563416e-02,-8.930023759603500366e-02,-1.548367738723754883e-01,-3.616197407245635986e-02,-5.747028440237045288e-02,-1.084495261311531067e-01,-3.909764811396598816e-02,6.370535492897033691e-02,-3.349439054727554321e-02,
7.360487431287765503e-02,3.476917371153831482e-02,4.713854938745498657e-02,-7.010978460311889648e-02,1.448856346542015672e-04,2.664482407271862030e-02,-3.609600663185119629e-02,-7.187189906835556030e-02,2.070127055048942566e-02,-2.729659527540206909e-02,-2.470288611948490143e-02,-2.237666957080364227e-02,
-1.001195833086967468e-01,-1.123665925115346909e-02,-1.102886423468589783e-01,9.185545146465301514e-02,-4.195925220847129822e-02,9.774243086576461792e-02,-9.216918051242828369e-02,4.518148954957723618e-03,-8.577812463045120239e-02,-8.341728895902633667e-02,-3.307177498936653137e-02,8.686994761228561401e-02,
9.105918556451797485e-02,-4.242916777729988098e-02,1.278154104948043823e-01,-1.163485646247863770e-01,1.069489284418523312e-03,-3.857595846056938171e-02,-6.189492717385292053e-02,5.415172129869461060e-02,4.836842790246009827e-02,-1.800292916595935822e-02,-1.932774856686592102e-02,-1.293504238128662109e-01,
-8.317523449659347534e-02,3.155177459120750427e-02,1.358114480972290039e-01,1.319664865732192993e-01,1.191486255265772343e-03,9.105518460273742676e-02,1.534370630979537964e-01,3.432159125804901123e-02,-1.070149019360542297e-01,-4.932027682662010193e-02,-4.295070469379425049e-02,6.620215624570846558e-02,
-1.686678975820541382e-01,9.121847152709960938e-02,4.744652658700942993e-02,9.965547174215316772e-02,1.776213943958282471e-02,4.923305287957191467e-02,1.019784882664680481e-01,8.332412689924240112e-02,2.225468866527080536e-02,2.131405472755432129e-02,8.388514816761016846e-02,5.514250323176383972e-02,
-7.121103256940841675e-02,2.191564254462718964e-02,1.149743199348449707e-01,9.597834199666976929e-02,6.391494721174240112e-02,-4.528592154383659363e-02,3.221295028924942017e-02,1.568466797471046448e-02,-1.058990508317947388e-01,-4.897493869066238403e-02,5.600266158580780029e-02,-8.861357718706130981e-02,
1.526273693889379501e-02,-1.059632748365402222e-01,-8.742120116949081421e-02,1.042256504297256470e-02,-5.737946927547454834e-02,-2.002186886966228485e-02,-1.048296764492988586e-01,-4.094016179442405701e-02,-9.571738541126251221e-02,3.596795722842216492e-02,-6.063688080757856369e-03,-4.148699343204498291e-02,
-1.201735213398933411e-01,-1.375337094068527222e-01,-1.664330959320068359e-01,-9.805485606193542480e-03,-2.267364263534545898e-01,-1.136283650994300842e-01,-2.035697400569915771e-01,5.933843925595283508e-02,-4.701511934399604797e-02,-1.827334314584732056e-01,-1.069836989045143127e-01,-5.176378414034843445e-02,
-1.038972102105617523e-02,4.255532100796699524e-02,3.048979677259922028e-02,1.970713213086128235e-02,8.846976794302463531e-03,9.144663810729980469e-02,-3.782885521650314331e-02,-6.222065538167953491e-02,3.924144059419631958e-02,-1.791897974908351898e-02,1.025747135281562805e-01,-2.075424976646900177e-02,
-1.733282804489135742e-01,1.271144114434719086e-02,-6.408824771642684937e-02,-2.462911233305931091e-02,-1.397392153739929199e-01,-1.798389703035354614e-01,7.173236459493637085e-03,3.727036714553833008e-02,2.305276505649089813e-02,-2.259822189807891846e-02,-7.027973979711532593e-02,1.084660664200782776e-01,
-7.629086822271347046e-02,6.202272698283195496e-02,1.729751974344253540e-01,7.652265578508377075e-02,1.963594555854797363e-02,-1.606200821697711945e-02,1.139489635825157166e-01,1.794054917991161346e-02,-4.888533800840377808e-02,3.360836580395698547e-02,-1.063446979969739914e-02,3.039899468421936035e-02,
3.430655226111412048e-02,4.551438614726066589e-02,7.994034141302108765e-02,3.027062118053436279e-02,-4.196674376726150513e-02,7.641434669494628906e-02,-1.283121295273303986e-02,8.745577186346054077e-02,1.363762933760881424e-02,4.230956360697746277e-02,-4.921250790357589722e-02,1.266664452850818634e-02,
-3.470259904861450195e-02,-3.292250260710716248e-02,7.839480042457580566e-02,3.378009423613548279e-02,-4.994798451662063599e-02,4.460853338241577148e-02,7.734914124011993408e-02,5.935423076152801514e-03,-5.094077065587043762e-02,2.617660537362098694e-02,-1.710217632353305817e-02,7.549720257520675659e-02,
-1.349003314971923828e-01,-8.079667389392852783e-02,-4.434077069163322449e-02,-5.281210690736770630e-02,6.169638782739639282e-02,-1.683137267827987671e-01,-1.309004276990890503e-01,9.323491156101226807e-02,-5.610965564846992493e-02,-7.254134118556976318e-02,7.490335404872894287e-02,-4.780977219343185425e-02,
-6.585855036973953247e-02,-1.572593115270137787e-02,-1.391248852014541626e-01,1.130330935120582581e-02,-6.636793166399002075e-02,-3.945222496986389160e-02,-5.175980553030967712e-02,-8.289779722690582275e-02,1.520346663892269135e-02,-1.640549860894680023e-02,-7.231865823268890381e-02,3.689499199390411377e-02,
1.406040191650390625e-01,2.385149709880352020e-02,-9.745948016643524170e-03,-7.229867577552795410e-02,6.949406117200851440e-02,-3.479280695319175720e-02,6.987760961055755615e-02,-9.971974790096282959e-02,4.616779461503028870e-02,-2.631303295493125916e-02,1.739949733018875122e-02,-1.048849374055862427e-01,
4.097063094377517700e-02,-6.027595954947173595e-04,7.766334712505340576e-02,-5.459449440240859985e-02,-2.329472452402114868e-02,-2.105811424553394318e-02,-4.848756268620491028e-02,-3.750266879796981812e-02,1.621928997337818146e-02,-7.026731222867965698e-02,5.662115290760993958e-02,1.202018652111291885e-02,
-1.140751317143440247e-01,-1.437100023031234741e-01,-2.790261507034301758e-01,-1.798833757638931274e-01,-2.291012257337570190e-01,3.374701738357543945e-02,6.384305655956268311e-02,-5.629825219511985779e-02,3.660547372419387102e-04,-2.236537449061870575e-02,-1.429423391819000244e-01,-1.350181847810745239e-01,
-1.710777431726455688e-01,-1.542525887489318848e-01,-1.778724417090415955e-02,1.204605177044868469e-01,-1.554769575595855713e-01,-6.276466697454452515e-02,-9.854611754417419434e-02,-1.452981233596801758e-01,-4.625595360994338989e-02,-8.517731726169586182e-02,-7.778168469667434692e-02,8.289913833141326904e-02,
6.182133406400680542e-02,1.543034613132476807e-01,9.694466739892959595e-02,8.094515651464462280e-03,7.349248230457305908e-02,-3.422639891505241394e-02,4.158036783337593079e-02,9.024582058191299438e-02,5.120627209544181824e-02,1.371539290994405746e-02,-6.365396827459335327e-02,-3.577600792050361633e-02,
2.938629873096942902e-02,-1.200721412897109985e-02,-7.775726914405822754e-02,-1.678707450628280640e-01,4.345129430294036865e-02,-1.480260305106639862e-02,-4.669841751456260681e-02,1.018834784626960754e-01,-1.209189817309379578e-01,-4.304955527186393738e-02,-9.646261483430862427e-02,-1.230175942182540894e-01,
-1.048580780625343323e-01,-2.793147414922714233e-02,-3.133028373122215271e-02,2.805930748581886292e-02,-2.697383426129817963e-02,-7.312596589326858521e-02,7.223983108997344971e-02,6.838829815387725830e-02,-6.011795997619628906e-02,6.855405867099761963e-02,-2.811151742935180664e-02,4.058859124779701233e-02,
5.906547233462333679e-02,-6.844718009233474731e-02,-9.121630340814590454e-02,-4.748539626598358154e-02,2.477638795971870422e-02,-1.231909617781639099e-01,-9.227956086397171021e-02,-1.333731263875961304e-01,-5.009317770600318909e-02,-2.532463148236274719e-02,4.271539673209190369e-02,-6.015749648213386536e-03,
6.980551034212112427e-02,1.313832029700279236e-02,7.295925170183181763e-03,-1.289540380239486694e-01,-6.095072999596595764e-02,-7.878150790929794312e-02,-2.322303364053368568e-03,5.906302481889724731e-02,5.785811319947242737e-02,3.731919825077056885e-02,-2.430144511163234711e-02,-3.661326691508293152e-02,
-1.045332551002502441e-01,-1.976214908063411713e-02,1.032399162650108337e-01,2.818130515515804291e-02,3.696360625326633453e-03,-2.243175357580184937e-02,8.488917350769042969e-02,-7.657786458730697632e-02,-7.040141522884368896e-02,-2.213125117123126984e-04,-6.086433678865432739e-02,5.335397552698850632e-03,
7.741001900285482407e-03,-6.187613308429718018e-02,9.692300111055374146e-02,9.979221038520336151e-03,-3.931695595383644104e-02,-2.188226208090782166e-02,1.010499801486730576e-02,-6.327006965875625610e-02,9.221345186233520508e-02,3.863516449928283691e-02,-3.369800373911857605e-02,-2.051781676709651947e-02,
-3.312559127807617188e-01,-3.663815930485725403e-02,1.080955698853358626e-04,-7.649119943380355835e-02,-1.119816899299621582e-01,-9.772860258817672729e-02,-8.516727387905120850e-02,1.705330610275268555e-02,1.585783809423446655e-02,-4.586639255285263062e-02,-1.596444547176361084e-01,-1.344496011734008789e-01,
1.111389398574829102e-01,-2.224919199943542480e-02,-5.856323987245559692e-02,3.876036033034324646e-02,-2.823045663535594940e-02,-2.818148955702781677e-02,2.414892800152301788e-02,1.109445653855800629e-02,2.297004312276840210e-02,-3.813429921865463257e-02,-5.266932770609855652e-02,-2.969790622591972351e-02,
3.934502601623535156e-02,8.685053139925003052e-02,2.330639585852622986e-02,4.298865050077438354e-02,4.152441769838333130e-02,-4.331387951970100403e-02,9.210305660963058472e-02,8.317452669143676758e-02,8.994517475366592407e-02,8.633332699537277222e-02,-2.305070497095584869e-02,7.223962340503931046e-03,
-3.799071162939071655e-02,7.445713132619857788e-02,-7.227705419063568115e-02,-9.245883673429489136e-03,9.504922665655612946e-03,5.708945542573928833e-02,3.508903086185455322e-02,1.528421938419342041e-01,1.059841215610504150e-01,-7.702457159757614136e-02,-6.834796071052551270e-02,-4.556326195597648621e-02,
-2.334471642971038818e-01,9.356566518545150757e-02,7.882297039031982422e-03,-3.138186037540435791e-02,-9.098865836858749390e-02,7.528554415330290794e-04,-8.309444785118103027e-02,-2.638750672340393066e-01,-9.524617344141006470e-02,-7.816057652235031128e-02,-9.540793299674987793e-02,-6.971284747123718262e-02,
-5.056113004684448242e-01,5.474775284528732300e-02,-4.485077783465385437e-02,-1.385297477245330811e-01,-1.053070351481437683e-01,-7.725370675325393677e-02,-5.430492386221885681e-02,-3.386104851961135864e-02,-2.836370468139648438e-02,-1.221400052309036255e-01,-5.607773736119270325e-02,-5.301302671432495117e-02,
5.459067597985267639e-02,7.113644480705261230e-02,-5.770800635218620300e-03,2.533565275371074677e-02,9.781627915799617767e-03,-2.983630821108818054e-02,-1.070627495646476746e-01,-3.941835835576057434e-02,-6.458117067813873291e-02,-4.304712265729904175e-02,-1.186750456690788269e-02,3.283014893531799316e-02,
1.212551668286323547e-01,8.470096625387668610e-03,7.837475836277008057e-02,4.630040004849433899e-02,7.517053186893463135e-02,9.598593413829803467e-02,5.589510127902030945e-02,6.477270275354385376e-02,1.027929708361625671e-01,7.430069893598556519e-02,-5.415378138422966003e-03,3.490887954831123352e-02,
-1.559231579303741455e-01,-1.572391837835311890e-01,-4.531982820481061935e-03,-1.329372972249984741e-01,-9.120575338602066040e-02,-8.868279308080673218e-02,-3.808313980698585510e-02,-2.152824960649013519e-02,-1.747737377882003784e-01,4.143083468079566956e-02,-1.525760293006896973e-01,-1.503204852342605591e-01,
-1.060099154710769653e-02,-6.054402887821197510e-02,-4.741902276873588562e-02,8.452983945608139038e-02,-8.525028824806213379e-02,-8.448148518800735474e-02,-1.038330197334289551e-01,9.700031019747257233e-03,8.340758271515369415e-03,-1.233145035803318024e-02,-3.364608436822891235e-02,7.033102679997682571e-03,
-4.416755586862564087e-02,4.574741423130035400e-02,-1.835913956165313721e-01,-7.373178843408823013e-03,-1.867644190788269043e-01,5.512718111276626587e-03,-1.170291081070899963e-01,-1.977062374353408813e-01,-1.678432454355061054e-03,-2.317088097333908081e-02,-4.173674806952476501e-02,-6.605204194784164429e-02,
9.156201779842376709e-02,1.618603360839188099e-03,-9.819866390898823738e-04,6.077641621232032776e-02,-5.469379946589469910e-02,8.644967526197433472e-02,-4.439309239387512207e-03,-3.181178495287895203e-02,5.096766352653503418e-02,3.228009864687919617e-02,-7.049001008272171021e-02,5.094677209854125977e-02,
-1.735869199037551880e-01,-8.379996567964553833e-02,9.420246630907058716e-02,-4.315365105867385864e-02,8.999681472778320312e-02,-4.228995181620121002e-03,6.166590750217437744e-02,-2.070136927068233490e-02,9.184226393699645996e-02,9.892208874225616455e-02,4.907011240720748901e-02,2.078866213560104370e-02,
2.289123367518186569e-04,5.336500704288482666e-02,5.161727964878082275e-02,-8.744636178016662598e-02,-1.238178610801696777e-01,-9.481530636548995972e-02,7.500208169221878052e-02,1.360728144645690918e-01,-9.534993022680282593e-02,-6.533478200435638428e-02,-8.549258857965469360e-02,1.837455667555332184e-02,
-2.867696881294250488e-01,-5.314413085579872131e-02,-7.786162197589874268e-02,-1.896301098167896271e-02,-1.291154325008392334e-01,-7.094413787126541138e-02,-1.330067813396453857e-01,-1.731576621532440186e-01,-4.071523249149322510e-02,3.239965811371803284e-02,-2.563403546810150146e-01,1.243326067924499512e-01,
-9.034816920757293701e-02,-9.237407892942428589e-02,1.367410123348236084e-01,-1.827185600996017456e-01,-8.633206784725189209e-02,-1.755373477935791016e-01,-2.570037730038166046e-02,-1.701618432998657227e-01,-5.837830156087875366e-02,-5.239213630557060242e-02,-3.761245608329772949e-01,1.369028910994529724e-02,
-6.370481103658676147e-02,4.768979549407958984e-02,1.460437010973691940e-02,-1.715443283319473267e-02,4.879119992256164551e-02,-3.690417855978012085e-02,8.911313116550445557e-02,1.972504705190658569e-02,6.694407761096954346e-02,6.982159614562988281e-02,-3.095444478094577789e-02,1.110222097486257553e-02,
1.696279272437095642e-02,9.575767815113067627e-02,-9.987886250019073486e-02,5.003612861037254333e-02,-1.438585370779037476e-01,1.072199735790491104e-02,-2.002537250518798828e-02,8.895450085401535034e-02,4.439878463745117188e-02,-5.489539727568626404e-02,7.500288635492324829e-02,-2.228479273617267609e-02,
5.009436234831809998e-02,4.085078835487365723e-03,4.896343126893043518e-02,-1.587471552193164825e-02,-3.429842367768287659e-02,3.856215626001358032e-02,4.291104525327682495e-02,1.089847832918167114e-01,-2.241971530020236969e-02,4.646179452538490295e-02,7.572069764137268066e-02,9.871955029666423798e-03,
-1.746461838483810425e-01,-5.619559064507484436e-02,1.631971299648284912e-01,-1.251967437565326691e-02,-1.140827387571334839e-01,-1.511707156896591187e-02,8.271611481904983521e-02,-9.704655036330223083e-03,-2.747667394578456879e-02,-1.552567258477210999e-02,4.376453813165426254e-03,-1.350892987102270126e-02,
9.853541851043701172e-02,8.199984580278396606e-02,-1.462851166725158691e-01,-1.526276618242263794e-01,-1.323309242725372314e-01,-9.388588368892669678e-02,5.491187423467636108e-02,-9.604075551033020020e-02,1.038401424884796143e-01,-6.608418375253677368e-02,-5.465523526072502136e-02,-8.236153423786163330e-02,
-8.069760352373123169e-02,-5.896336957812309265e-02,-1.118610892444849014e-02,9.794346988201141357e-03,-3.568151593208312988e-02,-1.224359683692455292e-02,4.422282427549362183e-02,7.298665493726730347e-02,-8.502088487148284912e-03,-4.937823489308357239e-02,2.008127234876155853e-02,1.809231750667095184e-02,
2.378319622948765755e-03,-9.440924227237701416e-02,-9.436582773923873901e-02,-6.855738908052444458e-02,-1.466161161661148071e-01,1.065205130726099014e-02,-2.511939778923988342e-02,1.108050122857093811e-01,-1.911102235317230225e-02,-1.553984731435775757e-01,-1.930663436651229858e-01,7.874490693211555481e-03,
-1.194379776716232300e-01,1.357600837945938110e-02,-1.929687522351741791e-02,9.085170179605484009e-02,-6.686671823263168335e-02,7.188542932271957397e-02,-5.749024823307991028e-02,1.041024625301361084e-01,2.773573808372020721e-02,-2.586995251476764679e-02,-7.381622493267059326e-02,-2.091642841696739197e-02,
-1.363265216350555420e-01,-4.121194779872894287e-02,2.326998300850391388e-02,5.339738354086875916e-02,-7.696277648210525513e-02,-1.555952280759811401e-01,5.660716816782951355e-02,-2.132319286465644836e-02,-7.344040274620056152e-02,-7.561125606298446655e-02,-3.178888186812400818e-02,-5.565607920289039612e-02,
1.693720184266567230e-02,4.093613475561141968e-02,-7.632175832986831665e-02,3.200002014636993408e-02,7.130546867847442627e-02,5.010830983519554138e-02,9.761837311089038849e-03,1.217328831553459167e-01,-3.358699753880500793e-02,-1.555979717522859573e-02,-5.845687538385391235e-02,9.727971255779266357e-02,
-1.347093582153320312e-01,-1.047287061810493469e-01,3.862541913986206055e-02,-8.282755501568317413e-03,-4.812859743833541870e-02,4.933819919824600220e-02,1.698959851637482643e-03,-3.257298469543457031e-02,-9.042096138000488281e-02,3.220595791935920715e-02,-6.185999140143394470e-02,-6.309498101472854614e-02,
-1.273289769887924194e-01,1.857437379658222198e-02,7.362532615661621094e-02,-4.124623164534568787e-02,-5.237844586372375488e-02,6.111510470509529114e-02,4.540406167507171631e-02,-5.750239267945289612e-02,9.248667396605014801e-03,2.917188219726085663e-02,9.886420518159866333e-02,-9.859653189778327942e-03,
-8.719995617866516113e-02,-2.993003837764263153e-02,7.001235336065292358e-02,6.500405259430408478e-03,-2.381543628871440887e-02,-1.017147973179817200e-01,3.068108670413494110e-02,7.954268716275691986e-03,3.175131231546401978e-02,-3.251836076378822327e-02,-3.403764590620994568e-02,-2.041461504995822906e-02,
1.186334341764450073e-02,5.792845785617828369e-02,-2.261391840875148773e-02,3.646117076277732849e-02,1.148214191198348999e-01,2.736541070044040680e-02,2.763877622783184052e-02,-1.109998859465122223e-02,1.842659339308738708e-02,1.496659070253372192e-01,-6.533058732748031616e-02,6.594192981719970703e-02,
4.605176672339439392e-02,6.942158937454223633e-02,8.847709745168685913e-02,8.045732975006103516e-02,5.685875564813613892e-02,-2.729631774127483368e-02,6.608133018016815186e-02,1.028937995433807373e-01,3.022989071905612946e-02,1.408514827489852905e-01,9.042249619960784912e-02,1.015864014625549316e-01,
-1.495944112539291382e-01,-1.341768424026668072e-03,-1.137297227978706360e-01,7.999911159276962280e-02,-1.055756211280822754e-01,-2.639200771227478981e-03,-1.231859177350997925e-01,-7.549387216567993164e-02,-2.788728475570678711e-02,-3.057994879782199860e-02,-8.194032311439514160e-02,3.408095240592956543e-02,
-2.038677483797073364e-01,-4.152572713792324066e-03,-2.429126016795635223e-02,9.459380991756916046e-03,-5.274577997624874115e-03,5.619976669549942017e-02,-8.026289939880371094e-02,-8.731726557016372681e-02,-6.052247434854507446e-02,-2.090091630816459656e-02,-8.956892788410186768e-02,-1.776210963726043701e-01,
-2.664269208908081055e-01,3.595488518476486206e-02,7.515668869018554688e-02,-2.953645288944244385e-01,-2.099592089653015137e-01,-1.084539815783500671e-01,-1.650483310222625732e-01,-3.272541984915733337e-02,9.419288486242294312e-02,-1.327315438538789749e-02,-4.804809764027595520e-02,-1.390302833169698715e-02,
-3.195799291133880615e-01,-4.317390918731689453e-02,5.575886368751525879e-02,-8.285832405090332031e-02,-9.987279027700424194e-02,1.880544982850551605e-02,-1.090580970048904419e-02,-1.916511170566082001e-02,-1.312105655670166016e-01,-1.874423623085021973e-01,-9.316993504762649536e-02,-4.025174304842948914e-02,
